1 2 3 8 14 7 
2 3 4 9 15 8 
3 4 5 10 16 9 
4 5 6 11 17 10 
7 8 9 15 20 14 
8 9 10 16 21 15 
9 10 11 17 22 16 
10 11 12 18 23 17 
13 14 15 20 26 19 
14 15 16 21 27 20 
15 16 17 22 28 21 
16 17 18 23 29 22 
19 20 21 27 32 26 
20 21 22 28 33 27 
21 22 23 29 34 28 
22 23 24 30 35 29 
31 26 20 27 33 32 
32 27 21 28 34 33 
33 28 22 29 35 34 
34 29 23 30 36 35 
25 19 14 20 27 26 
26 20 15 21 28 27 
27 21 16 22 29 28 
28 22 17 23 30 29 
19 14 8 15 21 20 
20 15 9 16 22 21 
21 16 10 17 23 22 
22 17 11 18 24 23 
13 7 2 8 15 14 
14 8 3 9 16 15 
15 9 4 10 17 16 
16 10 5 11 18 17 
1 7 8 14 19 13 
17 18 12 24 30 23 
13 19 20 26 31 25 
1 13 25 24 17 12 
7 19 31 30 23 18 
13 25 1 36 29 24 
19 31 7 6 35 30 
25 1 13 12 5 36 
31 7 19 18 11 6 
7 18 23 11 -1 6 
13 24 29 17 5 12 
19 30 35 23 11 18 
25 36 5 29 17 24 
31 6 11 35 23 30 
1 32 27 34 5 3 
2 33 28 35 6 4 
3 34 29 36 1 5 
4 35 30 31 2 6 
5 36 25 32 3 1 
6 31 26 33 4 2 
1 30 23 25 27 30 
2 31 24 26 28 31 
3 32 25 27 29 32 
4 33 26 28 30 33 
5 34 27 29 25 34 
6 35 28 30 26 35 
